((("=====================" .
   [0 0 0 0 0 0 0 0 0 0 0 1 0 0 0 0 0 0 0 0 0])
  ("k" .
   [2])
  ("3" .
   [2])
  ("2" .
   [1])
  ("=" .
   [3])
  ("+" .
   [2])
  ("1" .
   [2])
  ("println" .
   [0 0 0 1 0 0 0])
  ("begin" .
   [1 0 0 0 0])
  ("display" .
   [0 0 0 4 0 0 0])
  ("list-ref" .
   [1 0 0 0 0 0 0 0])
  ("hash-" .
   [0 0 0 0 1])
  ("second" .
   [0 0 1 0 0 0])
  ("first" .
   [1 0 0 0 0])
  ("csv-name" .
   [1 0 0 0 0 0 0 0])
  ("make-env" .
   [1 0 0 0 0 0 0 0])
  ("struct" .
   [0 0 0 0 0 1])
  ("value" .
   [1 0 0 2 0])
  ("q==" .
   [1 0 0])
  ("where" .
   [0 0 1 0 0])
  ("table" .
   [1 0 0 0 1])
  ("field" .
   [0 0 0 1 1])
  ("list" .
   [2 0 0 0])
  ("fields" .
   [2 0 0 0 0 1])))
