((("next_cheat_piece" .
   [0 0 0 0 0 0 0 0 1 0 0 0 0 0 0 0])
  ("next_piece" .
   [0 0 0 0 0 0 0 1 0 0])
  ("current_block" .
   [0 0 1 0 0 0 0 0 0 0 0 0 0])
  ("cheat_piece" .
   [0 0 0 0 0 0 0 1 0 0 0])
  ("new" .
   [1 0 0])
  ("Piece" .
   [1 1 1 0 1])
  ("self" .
   [2 0 0 0])
  ("100" .
   [2 0 0])
  ("score" .
   [0 0 0 0 2])
  ("is_running?" .
   [0 0 0 0 1 0 0 0 0 0 0])
  ("game" .
   [1 0 0 0])
  ("game_over?" .
   [0 0 0 0 0 0 1 0 0 0])
  ("if" .
   [1 0])
  ("end" .
   [4 0 0])
  ("cheat" .
   [1 0 0 0 0])
  ("def" .
   [3 0 0])
  ("board" .
   [2 0 1 0 0])
  ("process" .
   [0 0 0 0 0 0 1])
  ("bind" .
   [1 0 0 0])
  ("2" .
   [4])
  ("0" .
   [24])
  ("rotations" .
   [2 0 0 0 0 0 0 0 1])
  ("rotate_clockwise" .
   [0 0 0 0 0 0 0 1 0 0 0 0 0 0 0 0])
  ("Board" .
   [0 0 0 0 1])
  ("proc" .
   [0 0 0 1])
  ("root" .
   [1 0 0 1])
  ("ispell-program-name" .
   [0 0 0 0 0 0 0 0 0 0 0 0 1 0 0 0 0 0 0])
  ("setq-default" .
   [0 0 0 0 0 0 0 1 0 0 0 0])
  ("cs" .
   [1 0])
  ("string" .
   [1 0 0 0 0 0])
  ("int" .
   [2 0 0])
  ("(size_type __new_size)" .
   [0 0 0 0 0 0 0 0 0 0 0 0 0 0 0 0 0 0 0 0 0 1])
  ("resize" .
   [1 0 0 0 0 0])
  ("size" .
   [0 1 0 0])
  ("append" .
   [0 0 0 0 1 0])
  ("message-news" .
   [0 0 0 0 1 0 0 0 0 0 0 0])
  ("message" .
   [0 0 0 1 0 0 0])
  ("1230" .
   [1 0 0 0])
  ("12300000" .
   [1 0 0 0 0 0 0 0])
  ("12300" .
   [1 0 0 0 0])
  ("range" .
   [3 0 0 0 0])
  ("length" .
   [1 0 0 0 0 0])
  ("count" .
   [2 0 0 0 0])
  ("1" .
   [18])
  ("color-theme-tangotango" .
   [0 0 0 0 0 0 0 0 0 0 0 0 0 1 0 0 0 0 0 0 0 0])
  ("nil" .
   [1 0 0])
  ("lambda" .
   [1 0 0 0 0 0])
  ("defn" .
   [13 0 0 3])
  ("gcd" .
   [5 0 0])
  ("mod" .
   [1 0 0])
  ("dec" .
   [0 0 1])
  ("reduce" .
   [5 0 0 0 0 0])
  ("lcm" .
   [1 0 0])
  ("__" .
   [13 0])
  ("==" .
   [1 0])
  ("fn" .
   [8 0])
  ("let" .
   [7 0 0])
  ("assoc" .
   [2 0 0 0 1])
  ("seq" .
   [4 0 0])
  ("subs" .
   [0 0 0 2])
  ("suit-table" .
   [0 0 0 0 0 0 1 0 0 0])
  ("first" .
   [7 0 0 0 0])
  ("second" .
   [7 0 0 1 0 0])
  ("println" .
   [3 0 0 0 0 0 0])
  ("str" .
   [3 0 0])
  ("seq?" .
   [4 0 0 0])
  ("vector" .
   [1 0 0 0 0 0])
  ("or" .
   [3 0])
  ("vector?" .
   [2 0 0 0 0 0 0])
  ("and" .
   [6 0 0])
  ("rest" .
   [3 0 0 1])
  ("true?" .
   [0 0 0 0 3])
  ("cons" .
   [1 0 0 0])
  ("list" .
   [2 0 0 0])
  ("ref" .
   [0 0 2])
  ("reflect" .
   [3 0 0 0 3 0 1])
  ("not" .
   [3 0 0])
  ("equal" .
   [6 0 0 1 0])
  ("nil?" .
   [7 0 0 0])
  ("mapcat" .
   [5 0 0 0 0 0])
  ("map" .
   [3 0 0])
  ("set" .
   [1 0 0])
  ("conj" .
   [1 0 0 0])
  ("last" .
   [1 0 1 1])
  ("cin" .
   [1 0 0])
  ("a" .
   [1])
  ("export" .
   [1 0 0 0 0 0])
  ("PATH" .
   [2 0 0 0])
  ("ifstream" .
   [0 0 0 1 0 0 0 0])
  ("in_file" .
   [0 0 0 0 0 1 0])
  ("is_open" .
   [1 0 0 0 0 0 0])
  ("()" .
   [0 1])
  ("endl" .
   [1 0 0 0])
  ("org-publish-project-alist" .
   [0 0 0 0 0 0 0 0 0 0 0 0 0 0 0 0 0 0 0 0 0 0 0 1 0])
  ("setq" .
   [3 0 0 0])
  ("org-agenda" .
   [0 0 0 0 0 0 0 0 0 1])
  ("org-todo-dir" .
   [0 0 0 0 0 0 1 0 0 0 0 0])
  ("format" .
   [1 0 0 0 0 0])
  ("org-publish-base-dir" .
   [0 0 0 0 0 0 0 0 0 0 0 0 0 0 1 0 1 0 0 0])
  ("org-publish-publishing-dir" .
   [0 0 0 0 0 0 0 0 0 0 0 0 0 1 0 0 0 0 0 0 0 0 0 0 0 0])
  ("mac-option-key-is-meta" .
   [0 0 0 0 0 0 1 0 0 0 0 0 0 0 0 0 0 0 0 0 0 0])
  ("t" .
   [2])
  ("disas" .
   [0 0 0 1 0])
  ("display-battery-mode" .
   [0 0 0 0 0 0 0 0 0 0 1 0 0 0 0 0 0 0 0 0])
  ("defun" .
   [1 0 0 0 0])
  ("progn" .
   [1 0 0 0 0])))
